year   jan   feb   mar   apr   may   jun   jul   aug   sep   oct   nov   dec   win   spr   sum   aut   ann
1836   65.1   57.5  106.7   66.3   13.6   68.5   79.1   48.7   83.3   96.2  130.8   69.4     ---   186.6   196.3   310.3   885.1
1837   79.9   82.6   29.4   46.1   31.1   49.1   67.9   83.1   56.7   74.9   67.7   77.9   231.9   106.6   200.1   199.3   746.4
1838   25.5   55.5   46.3   43.4   58.2   95.3   64.2   66.0   64.7   78.9  107.0   51.8   158.9   147.8   225.5   250.6   756.8
1839   53.1   53.0   66.7   34.1   23.4   99.1  123.6   76.2  114.8   78.1  114.0   83.5   157.9   124.1   298.9   307.0   919.5
1840   90.2   54.2    9.4   15.0   70.3   49.7   79.9   61.1   80.2   43.4  116.8   17.7   227.9    94.8   190.7   240.4   688.0
1841   67.1   45.2   55.6   45.8   65.8   66.8   83.8   94.1  119.1  134.2  101.6   85.8   130.0   167.2   244.6   354.9   964.8
1842   58.6   43.8   78.2   14.6   55.2   50.3   72.4   53.8   80.7   44.3  134.0   44.9   188.3   148.0   176.5   258.9   730.8
1843   64.5   64.6   29.9   80.2  106.5   68.9   70.4   92.4   19.7  133.6   84.8   17.8   174.0   216.6   231.7   238.1   833.3
1844   58.5   70.4   73.5   15.9    8.3   41.8   64.3   72.2   57.2   84.6   85.3   18.2   146.7    97.6   178.3   227.1   650.2
1845   60.5   31.5   46.2   46.0   59.9   68.7   73.3  107.3   69.6   68.2   73.2   93.8   110.2   152.2   249.3   211.0   798.3
1846   90.1   34.1   54.9   98.9   42.1   47.3   84.8   91.6   46.0  133.2   56.0   43.2   218.1   195.8   223.7   235.2   822.1
1847   50.6   41.9   38.9   46.7   85.2   61.0   31.7   46.5   57.3  102.1   69.6  109.7   135.7   170.7   139.1   229.0   741.0
1848   43.8  116.2   94.4   74.0   23.1  118.8   74.2  109.7   90.0  126.7   52.2   84.4   269.7   191.4   302.7   268.9  1007.6
1849   76.8   42.4   26.7   72.4   73.1   32.7   78.4   52.4   92.2   89.5   58.2   88.4   203.7   172.1   163.5   239.8   783.0
1850   50.3   53.9   17.0   77.3   56.4   40.8   93.3   62.5   54.7   60.4   80.5   54.8   192.6   150.6   196.6   195.7   701.9
1851  103.0   32.2   94.9   46.4   32.1   64.5   89.9   62.7   34.0   77.0   37.6   35.5   190.0   173.3   217.1   148.6   709.7
1852  125.3   53.8   14.4   17.3   53.1  113.1   63.4  117.0  102.1  106.9  172.2  114.2   214.6    84.8   293.5   381.2  1052.7
1853   87.2   46.4   37.1   61.8   40.9   82.1  103.3   70.0   61.3  105.6   53.8   31.8   247.8   139.8   255.4   220.8   781.3
1854   74.9   31.1   19.9   14.9   72.2   57.7   63.9   54.9   31.6   70.4   66.1   69.8   137.7   107.0   176.6   168.1   627.5
1855   16.8   42.3   52.4   17.5   51.2   70.4  108.9   56.0   29.8  133.7   40.4   41.0   129.0   121.2   235.3   203.9   660.5
1856   75.2   51.7   21.6   72.5   82.1   53.2   49.3   93.7   90.0   64.1   40.4   81.4   167.9   176.2   196.2   194.4   775.1
1857   78.1   30.8   57.3   65.3   41.7   61.9   59.4   93.7   81.8   90.7   48.3   27.9   190.4   164.4   215.0   220.8   737.1
1858   27.3   25.4   32.7   67.6   60.5   39.6   70.5   68.3   66.6   79.6   41.4   72.9    80.6   160.7   178.3   187.6   652.2
1859   50.4   49.7   63.4   75.3   30.8   58.9   59.9   83.5   97.2   87.1   78.4   80.0   173.0   169.5   202.3   262.8   814.6
1860  100.9   38.0   73.1   36.1   84.7  141.2   57.3  124.1   71.5   73.2   75.3   87.0   218.9   193.9   322.5   220.0   962.3
1861   28.6   74.6   83.5   25.8   30.4   68.7  105.7   42.8   77.8   42.3  121.5   52.1   190.2   139.8   217.1   241.7   753.8
1862   66.6   21.3  103.2   62.0   83.0   73.0   64.6   67.2   71.6  115.5   32.8   65.8   140.0   248.1   204.8   219.9   826.5
1863  100.3   25.2   32.1   36.5   39.7   99.8   28.1   79.9   96.4  103.6   74.2   54.6   191.3   108.3   207.8   274.2   770.4
1864   40.8   46.9   74.2   34.3   48.8   48.1   22.5   34.4   74.0   64.9   82.1   57.9   142.3   157.2   105.0   221.0   628.8
1865   80.8   65.0   40.2   22.9   77.1   38.5   78.0  113.3    9.5  160.5   83.5   52.5   203.7   140.3   229.8   253.5   821.8
1866  102.4   94.0   57.7   46.3   38.8   75.4   72.3   93.7  150.2   54.2   78.0   78.9   248.9   142.8   241.5   282.3   941.9
1867   97.0   57.2   71.9   79.2   66.2   39.5   96.6   59.0   60.3   80.4   26.8   61.7   233.0   217.3   195.1   167.4   795.6
1868   89.0   54.0   65.7   58.0   34.0   15.7   18.1   96.3   81.2   84.3   56.1  170.0   204.7   157.6   130.2   221.7   822.5
1869   95.0   84.4   49.0   43.9  107.1   33.6   20.2   39.6  122.8   59.7   74.1  110.7   349.5   200.1    93.4   256.6   840.2
1870   56.4   53.5   48.5   20.3   36.5   30.6   33.5   50.6   46.0  139.4   59.1   78.4   220.6   105.3   114.8   244.4   652.9
1871   50.4   56.6   37.7   88.1   29.4   78.1  105.1   39.0  128.4   71.6   34.6   57.9   185.4   155.2   222.2   234.6   776.8
1872  128.2   76.4   74.3   67.9   60.7   96.4  109.6   76.4   89.6  131.5  124.3  121.5   262.5   203.0   282.4   345.4  1156.8
1873   97.3   43.4   67.0   22.0   52.5   54.4   72.5   84.6   61.6   80.4   64.2   22.6   262.2   141.5   211.6   206.2   722.6
1874   67.9   52.7   38.4   44.3   34.2   34.4   41.2   78.4   95.7  101.1   79.8   80.1   143.2   116.9   154.0   276.7   748.2
1875  105.1   38.9   24.7   33.4   51.6   80.3  129.0   58.7   83.9  138.4  127.6   43.8   224.1   109.6   268.0   349.9   915.3
1876   43.3   84.3   90.1   75.3   20.3   55.8   41.3   73.1  123.6   60.6   96.0  172.9   171.5   185.7   170.2   280.1   936.6
1877  133.0   64.4   68.9   82.3   69.2   41.7   96.3  119.0   64.7   76.8  125.0   66.9   370.4   220.5   257.0   266.5  1008.3
1878   61.0   43.0   35.8   62.2  115.6   68.4   32.1  137.8   64.7   88.9  102.7   59.1   170.8   213.6   238.2   256.3   871.2
1879   61.2   90.0   31.6   66.1   70.0  125.1  109.7  129.1   81.0   34.6   32.2   35.3   210.4   167.7   363.9   147.8   866.0
1880   14.7   79.1   42.6   54.0   35.2   75.3  135.2   37.2  109.9  138.9   82.7  101.3   129.1   131.8   247.7   331.4   906.1
1881   32.0   95.1   71.6   28.4   44.0   65.6   68.5  132.6   66.5   77.4   95.5   91.1   228.4   144.0   266.6   239.3   868.2
1882   56.6   55.6   50.9  100.6   48.9   99.8  101.9   69.7   71.0  142.4  112.0  106.1   203.3   200.4   271.4   325.3  1015.5
1883   89.3   95.8   35.2   42.4   45.3   80.6   86.0   42.1  124.2   85.8   98.9   44.4   291.2   123.0   208.6   308.9   870.0
1884   93.9   58.2   59.9   42.8   33.4   40.8   88.2   41.1   59.9   44.5   44.7   87.0   196.5   136.1   170.0   149.1   694.4
1885   59.7   84.0   44.3   56.4   70.9   55.8   21.6   51.3  110.8  129.7   85.2   35.4   230.7   171.7   128.7   325.7   805.2
1886  104.8   21.9   68.7   53.8  111.4   28.8   91.2   47.5   62.2  117.1   82.8  122.5   162.1   233.9   167.5   262.0   912.6
1887   63.5   22.8   43.0   34.9   48.3   19.3   34.4   48.9   82.2   62.6   77.6   59.4   208.8   126.2   102.5   222.3   596.8
1888   31.2   34.8   86.2   49.4   31.9   62.6  142.0   70.6   33.9   39.3  136.7   62.5   125.5   167.5   275.1   209.9   781.1
1889   32.9   52.6   70.1   72.0   79.2   24.9   73.6   90.6   51.8  112.6   36.0   53.0   148.1   221.2   189.2   200.3   749.3
1890   92.0   25.2   54.5   39.6   57.2   70.3   83.1   89.4   39.8   46.8   98.1   29.8   170.2   151.3   242.8   184.8   725.9
1891   58.7    3.3   51.1   40.3   75.9   49.2   79.9  138.2   59.2  147.8   81.2  116.6    91.7   167.3   267.4   288.1   901.2
1892   44.9   52.1   28.2   32.9   57.2   76.9   60.2   95.0   78.8  128.6   59.6   41.4   213.5   118.2   232.1   267.0   755.6
1893   50.5   97.3   15.5    8.4   41.6   34.5   90.5   55.7   53.1   80.0   64.9   81.9   189.2    65.6   180.6   197.9   673.8
1894   75.8   79.7   45.3   51.4   60.0   67.8   92.1   78.5   43.0  104.1  102.5   69.1   237.3   156.6   238.4   249.5   869.2
1895   90.0   10.9   65.8   50.8   17.0   35.9  108.7   81.6   24.0   96.0  111.8   76.6   170.1   133.6   226.2   231.8   769.2
1896   31.8   22.0   89.6   27.4   11.4   65.9   47.9   58.4  140.0  103.9   34.5  117.2   130.4   128.4   172.2   278.3   750.0
1897   54.5   77.9  100.2   58.8   36.0   71.6   30.0  102.1   84.1   36.7   57.2   99.9   249.6   195.1   203.7   178.0   809.1
1898   33.8   47.3   36.6   54.9   80.6   50.8   24.0   76.4   23.4  104.2   78.8   83.6   181.0   172.1   151.2   206.3   694.4
1899  103.0   62.7   32.6   73.3   65.4   38.7   46.7   32.6   87.1   73.2   74.4   66.3   249.3   171.4   118.0   234.7   756.0
1900  102.7  119.0   27.3   39.1   44.1   76.9   44.6  104.5   28.2   91.4   81.9  113.6   288.0   110.4   226.0   201.4   873.1
1901   45.4   38.5   63.5   61.0   32.2   46.7   60.8   57.0   43.9   63.3   59.8  122.1   197.6   156.7   164.5   166.9   694.2
1902   38.6   36.7   47.1   43.5   68.0   65.9   53.0   83.6   39.2   69.5   65.0   64.5   197.4   158.6   202.5   173.7   674.6
1903   81.4   53.1   98.3   51.3   79.8   72.9   94.6  109.3   89.5  191.3   59.5   61.2   199.0   229.4   276.8   340.3  1042.2
1904   86.0   96.3   48.5   41.6   66.2   29.6   67.7   76.3   47.2   37.5   52.7   66.2   243.5   156.4   173.5   137.5   715.8
1905   30.7   30.7   88.4   62.9   22.6   75.3   31.7   96.4   53.9   56.7   98.8   27.1   127.6   173.9   203.3   209.4   675.2
1906  118.2   66.6   49.1   26.7   72.1   57.3   30.9   56.9   29.8  134.1   98.7   67.1   211.9   147.8   145.1   262.6   807.4
1907   32.8   42.4   39.9   73.6   83.0   83.9   57.5   65.1   18.6  140.9   71.0  100.3   142.3   196.6   206.5   230.5   809.0
1908   46.2   48.2   82.6   69.1   55.2   35.3   75.8   84.6   65.5   47.2   43.2   64.3   194.7   206.9   195.7   155.9   717.1
1909   38.5   26.6   94.6   57.4   39.5   83.2   89.5   72.0   66.9  127.1   28.2  123.0   129.4   191.4   244.7   222.2   846.4
1910   80.1   95.6   25.8   61.6   62.9   63.4   78.7  100.6   15.5   84.2  108.2  123.2   298.6   150.3   242.7   207.9   899.7
1911   37.4   56.0   55.2   43.0   36.8   73.1   13.4   49.9   54.6   82.7  102.6  156.8   216.6   135.0   136.4   239.9   761.5
1912   97.3   56.2  106.0    8.0   54.7  115.3   90.0  169.8   49.0   89.1   67.6  100.5   310.3   168.8   375.0   205.8  1003.6
1913  108.2   32.3   96.0   88.0   61.5   34.3   31.4   38.1   57.7   94.2   82.1   47.7   241.0   245.5   103.8   234.0   771.5
1914   42.5   75.5  104.4   30.5   42.3   54.0   86.0   55.8   42.5   60.8  101.9  173.7   165.7   177.2   195.8   205.2   869.9
1915   95.6  113.5   32.9   32.8   59.7   29.8  118.9   70.9   38.8   64.3   66.3  162.7   382.8   125.4   219.6   169.4   886.1
1916   50.0  118.0   97.9   41.3   63.8   60.0   50.1   86.7   47.3  121.9  104.8   85.8   330.6   202.9   196.8   274.0   927.5
1917   56.3   26.8   60.0   50.0   55.2   62.2   61.0  156.1   50.1  115.9   52.0   39.7   168.9   165.2   279.4   218.0   785.3
1918   80.5   56.0   32.5   55.6   52.3   27.7  104.6   57.1  166.1   62.2   60.0  103.5   176.1   140.4   189.4   288.3   858.2
1919  108.7   67.0  106.8   58.8   24.5   31.2   60.7   74.9   47.9   61.4   67.9  127.3   279.2   190.1   166.8   177.2   837.1
1920   96.7   40.2   72.7  107.8   67.1   55.1  122.6   43.6   58.1   58.3   39.6   82.3   264.2   247.5   221.4   156.0   844.1
1921   94.9    8.8   50.6   30.8   44.9   10.2   24.7   85.5   35.2   45.7   58.6   70.0   186.1   126.4   120.5   139.5   560.1
1922   97.1   80.4   61.2   74.6   30.4   37.4  113.6   93.4   73.3   31.7   43.2  105.8   247.5   166.2   244.4   148.2   842.1
1923   53.5  132.2   47.2   62.1   61.5   18.6   69.6   86.4   74.3  121.3   80.2   87.3   291.4   170.8   174.6   275.8   894.2
1924   80.5   23.7   31.9   67.1  115.6   59.6  101.1   85.8   98.3  117.3   68.3  107.1   191.5   214.6   246.5   283.9   956.2
1925   70.2  104.6   29.1   66.9   93.0    4.3   67.3   78.1   88.7   93.5   64.9   87.4   281.9   188.9   149.8   247.1   848.0
1926   98.8   70.0   22.1   63.8   63.0   74.2   64.6   61.4   49.4   79.0  145.2   21.7   256.2   149.0   200.2   273.6   813.1
1927   78.5   70.6   77.6   55.5   32.8   91.9   89.4  119.8  134.8   66.8   91.2   74.6   170.8   165.8   301.1   292.9   983.5
1928  140.2   66.8   70.7   37.0   37.4   88.5   52.0   84.8   29.3  128.2  102.4   74.9   281.5   145.2   225.4   259.8   912.2
1929   43.6   24.9    7.8   29.8   51.3   41.3   60.7   67.3   22.8  110.1  173.2  163.4   143.4    88.9   169.2   306.1   796.1
1930  112.6   24.7   57.8   66.3   55.3   34.0  103.7  100.3  101.4   80.3  114.2   83.3   300.7   179.4   238.0   295.9   933.9
1931   68.4   71.0   19.2   85.5   79.5   88.9  104.6  110.6   68.0   30.8  115.0   39.7   222.7   184.2   304.1   213.9   881.2
1932   75.2    9.0   54.0   75.8  119.1   31.4   91.7   46.4   85.8  139.6   53.1   43.1   123.9   249.0   169.5   278.5   824.3
1933   59.4   87.3   69.5   34.5   51.9   53.4   56.0   29.3   54.4   89.9   44.6   21.0   189.7   155.8   138.8   188.9   651.2
1934   70.2   11.1   66.0   68.7   38.0   40.8   42.5   72.6   61.7   73.2   55.0  158.9   102.3   172.6   155.9   189.8   758.5
1935   40.7   89.7   23.1   90.6   30.0   87.4   22.6   56.8  122.4  118.9  134.7   86.6   289.3   143.7   166.8   376.0   903.6
1936  111.5   68.9   54.4   45.8   26.6   87.8  126.5   31.9   84.8   58.3   93.1   80.0   267.0   126.9   246.2   236.2   869.7
1937  116.3  120.3   85.3   73.6   73.7   40.7   60.5   37.6   58.0   73.3   47.0   89.7   316.6   232.7   138.8   178.3   875.9
1938   96.1   29.4   16.1    6.9   66.0   51.1   78.5   79.2   56.7  116.3  107.1  101.6   215.1    89.0   208.9   280.2   805.1
1939  140.7   48.7   53.9   59.5   31.7   59.9  114.8   68.9   31.8  113.8  136.9   53.0   290.9   145.2   243.6   282.5   913.7
1940   62.1   64.6   71.8   53.7   37.4   19.7  104.8   16.5   47.5   95.7  168.2   67.3   179.7   162.9   141.0   311.4   809.4
1941   78.6   89.4   82.9   38.7   56.2   32.1   68.7  111.1   17.7   73.8   76.1   44.6   235.4   177.9   211.9   167.7   770.1
1942   90.4   28.0   57.4   37.5   90.5   18.8   68.7   80.2   60.7   88.9   42.2   89.4   162.9   185.4   167.7   191.8   752.6
1943  134.3   40.7   23.3   34.4   74.1   54.6   49.9   78.2   77.2   75.2   60.5   47.2   264.4   131.9   182.7   212.9   749.5
1944   72.8   38.4   10.8   52.5   35.1   60.9   68.1   71.5   97.9  103.3  139.0   64.4   158.3    98.4   200.6   340.1   814.6
1945   72.2   68.2   30.5   38.5   75.3   74.0   60.3   65.5   58.4   98.2   17.1   86.1   204.8   144.3   199.7   173.7   744.3
1946   74.4   75.3   35.4   44.3   67.8   77.5   73.0  127.1  115.0   35.1  144.7   85.6   235.8   147.4   277.6   294.8   955.2
1947   70.5   48.0  146.7   71.9   50.5   62.7   64.1   11.5   45.3   17.7   68.1   70.6   204.1   269.2   138.3   131.2   727.7
1948  154.0   42.8   33.4   48.4   64.3   85.4   40.8  106.8   66.8   68.4   49.3   97.2   267.4   146.1   233.0   184.6   857.7
1949   38.5   38.1   36.8   59.7   58.7   18.5   52.8   48.7   45.2  139.9  100.6   74.8   173.8   155.1   120.0   285.6   712.1
1950   35.5  124.9   36.0   66.0   51.1   44.8   93.8  108.9  113.9   37.7  136.2   60.6   235.3   153.2   247.5   287.8   909.5
1951   83.1  103.4  101.4   66.7   76.8   31.3   47.2  120.0   73.3   29.6  166.2   88.8   247.0   244.9   198.5   269.1   987.7
1952   73.2   22.2   69.0   53.1   59.4   49.6   31.4   94.5   83.3   96.6   85.8   77.4   184.2   181.5   175.4   265.7   795.5
1953   29.0   45.2   21.7   67.2   55.6   61.4   89.0   77.0   73.3   65.8   61.5   31.9   151.7   144.5   227.4   200.6   678.6
1954   54.2   72.4   68.8   13.2   73.3   81.8   81.2  115.5   84.0  107.3  150.2   83.0   158.4   155.3   278.6   341.5   984.9
1955   75.3   57.2   48.7   27.6   94.6   74.6   26.3   25.8   47.1   67.7   55.4   95.2   215.5   170.9   126.7   170.3   695.4
1956  107.8   24.9   28.2   37.4   21.9   66.9   94.3  143.6   81.5   52.5   29.1   95.7   227.9    87.6   304.7   163.1   783.8
1957   65.5   86.4   60.0    9.5   42.4   47.4   97.5   96.9  109.2   66.6   57.7   72.8   247.5   111.9   241.8   233.4   811.8
1958   81.7  103.0   44.5   27.8   76.3  104.4   88.0   91.3  102.6   75.0   48.1   95.1   257.5   148.6   283.7   225.6   937.8
1959   89.8    9.2   62.0   72.5   23.9   41.3   59.6   33.7    7.7   76.4  107.2  148.9   194.1   158.4   134.6   191.2   732.2
1960  113.3   71.9   46.1   40.2   40.8   46.9  107.1   99.5  101.3  164.5  129.5  101.3   334.1   127.1   253.5   395.3  1062.4
1961  105.5   64.5   13.9   88.7   34.9   36.5   64.8   75.1   70.5  103.7   54.7   91.2   271.4   137.4   176.3   228.9   803.9
1962   99.7   33.3   39.7   63.0   60.5   15.6   56.5  104.2   92.6   34.5   65.0   66.2   224.2   163.2   176.3   192.2   730.8
1963   28.4   30.2   92.6   72.7   47.6   77.0   51.9   97.6   66.0   56.2  144.2   27.4   124.8   212.9   226.4   266.4   791.7
1964   25.5   29.2   88.5   62.3   54.8   74.1   46.4   48.1   32.1   54.2   52.1   86.3    82.0   205.7   168.6   138.4   653.6
1965   89.3   16.1   66.6   57.6   56.9   64.9   95.5   69.3  128.5   29.2  101.0  143.8   191.7   181.1   229.7   258.8   918.8
1966   51.5  114.8   32.7   96.2   65.4   78.6   72.6  100.9   47.8  115.5   74.5   98.8   310.1   194.3   252.1   237.8   949.3
1967   56.0   82.2   52.0   43.9  128.3   39.2   56.4   72.5   88.9  154.1   68.5   66.8   237.0   224.3   168.1   311.5   908.9
1968   70.1   43.8   53.4   61.7   69.6   79.9   97.0   64.7  139.6   85.6   64.2   73.9   180.7   184.6   241.5   289.4   903.3
1969   85.7   63.2   70.0   53.3  104.6   53.0   66.4   67.7   39.3   16.2  123.2   79.2   222.8   227.9   187.0   178.7   821.7
1970  100.2   75.5   56.2   79.0   23.1   39.7   67.6   74.7   62.0   51.3  155.8   48.0   254.8   158.3   181.9   269.1   833.0
1971   97.6   31.7   61.9   49.3   45.9   93.2   41.4  103.0   22.5   66.7   83.8   35.2   177.2   157.0   237.7   173.0   732.1
1972   94.8   68.6   71.5   61.9   68.0   70.1   52.2   32.9   38.9   30.5   93.4   96.6   198.6   201.5   155.3   162.8   779.5
1973   41.8   36.7   21.2   62.9   73.9   60.3   84.9   57.8   71.1   49.8   44.9   61.3   175.0   158.0   203.0   165.9   666.7
1974  109.8   95.2   42.6   13.2   36.3   61.2   68.7   88.8  131.3   86.3  116.8   69.4   266.3    92.2   218.8   334.4   919.8
1975  109.4   27.6   75.1   63.1   43.7   19.7   60.8   49.0   98.5   31.2   66.1   44.1   206.4   182.0   129.5   195.8   688.3
1976   55.0   37.6   42.1   19.1   58.6   17.4   29.4   26.6  142.0  141.7   77.1   85.1   136.7   119.9    73.4   360.8   731.7
1977   91.4  122.9   68.2   47.1   48.4   80.2   23.4   93.5   36.1   58.7   91.0   85.9   299.3   163.7   197.1   185.9   846.8
1978  103.5   74.4   75.8   45.8   41.9   59.0   79.5   62.3   52.1   16.6   50.7  155.7   263.8   163.6   200.8   119.5   817.4
1979   75.0   58.1  117.0   62.3  109.5   37.2   32.8   85.7   36.7   68.5   79.0  143.9   288.8   288.8   155.7   184.2   905.7
1980   70.6   81.8   92.2   16.8   27.5  116.8   64.1   84.6   60.9  120.7   79.7   69.6   296.3   136.5   265.4   261.3   885.3
1981   54.4   48.8  138.5   58.2   84.4   44.4   52.8   42.3  128.8  109.8   63.4   86.1   172.8   281.1   139.4   302.0   911.8
1982   66.9   41.6   91.9   20.7   42.5  117.0   33.6   78.9   68.6  111.2  112.8   92.5   194.6   155.0   229.5   292.6   878.1
1983   88.2   36.9   60.0  101.9  107.2   32.6   35.8   26.6   88.4   74.0   46.9  102.2   217.6   269.0    95.1   209.2   800.5
1984  131.8   51.5   60.8   10.3   60.0   42.8   25.4   54.9  107.1   86.5  133.3   69.6   285.5   131.1   123.1   327.0   834.1
1985   68.8   25.0   61.1   63.1   64.2   87.4   68.2  103.9   42.3   40.3   70.4  114.5   163.4   188.3   259.6   153.1   809.2
1986  110.1   18.0   71.3   80.2   81.1   40.2   49.7  112.2   25.3   87.7  105.8  123.9   242.6   232.6   202.1   218.9   905.5
1987   28.4   51.6   81.8   60.7   45.4  102.4   73.1   67.6   58.5  153.1   72.1   52.1   203.9   187.9   243.0   283.6   846.7
1988  140.5   58.5   91.6   38.3   53.2   37.6  123.2   75.4   54.8   83.8   44.7   40.6   251.1   183.2   236.2   183.3   842.2
1989   39.3   77.7   78.9   80.8   19.3   53.3   36.4   52.8   37.5   84.3   52.8  123.5   157.6   178.9   142.5   174.7   736.7
1990  114.5  130.2   20.4   36.8   22.8   67.0   31.6   43.2   47.2   92.9   58.6   89.9   368.2    80.0   141.7   198.8   755.2
1991   82.9   59.2   66.7   60.6   13.8   90.7   64.2   26.4   58.5   64.4   86.1   45.5   232.0   141.1   181.2   209.1   719.0
1992   44.2   41.0   76.6   69.6   44.6   35.6   81.5  115.1   87.8   80.2  124.8   72.8   130.8   190.8   232.2   292.8   873.8
1993   98.2   13.9   23.9   90.0   79.9   59.3   77.0   50.5  110.6   89.8   66.1  144.8   184.9   193.8   186.8   266.4   903.8
1994  110.6   72.7   78.6   65.8   59.7   32.1   42.8   67.5   99.1   88.3   76.8  120.0   328.0   204.1   142.4   264.1   913.9
1995  144.9  100.6   62.4   24.9   43.7   21.8   34.3    9.7  108.9   47.4   73.7   79.4   365.6   131.0    65.8   230.1   751.8
1996   56.9   74.2   37.9   44.1   48.2   26.7   40.2   75.8   29.7   73.6  118.0   51.8   210.4   130.1   142.6   221.3   676.8
1997   14.2  102.3   27.7   22.2   67.8  122.9   47.0   86.5   29.2   62.4  102.5   98.4   168.3   117.7   256.4   194.1   783.1
1998  104.0   19.5   83.8  117.7   33.1  116.1   55.1   46.3   86.5  145.4   76.5   82.4   222.0   234.7   217.5   308.4   966.5
1999  118.5   44.1   67.4   68.8   54.8   83.5   23.8   99.8  107.6   74.5   55.8  137.2   244.9   191.0   207.0   237.8   935.5
2000   46.4   85.1   34.0  131.9   83.1   42.4   60.3   61.4  116.8  166.8  160.1  120.7   268.7   249.0   164.1   443.7  1109.1
2001   69.9   90.7   87.5   91.4   39.8   41.0   68.0   78.8   78.7  119.5   57.7   39.4   281.3   218.8   187.8   255.9   862.5
2002   81.4  120.8   46.7   46.5   84.9   54.5   84.7   65.8   34.5  122.9  142.0  121.8   241.6   178.1   204.9   299.3  1006.4
2003   81.3   34.9   32.7   40.3   66.0   66.6   67.8   16.3   32.9   51.6   93.4   90.5   238.0   139.0   150.7   178.0   674.2
2004  112.9   48.9   48.2   78.2   42.7   56.0   66.7  147.3   53.2  130.9   46.5   58.9   252.3   169.1   270.0   230.5   890.4
2005   58.5   45.8   48.3   68.1   45.1   53.6   63.0   58.0   62.8  106.0   74.9   61.6   163.3   161.4   174.6   243.7   745.7
2006   29.9   52.5   80.9   42.5  100.8   24.0   41.2   87.9   73.7  106.2   96.0  109.5   144.0   224.2   153.1   275.9   845.1
2007   95.7   93.8   56.2   10.6  107.2  145.8  124.7   53.8   44.0   45.0   70.1   86.2   299.1   174.0   324.4   159.1   933.3
2008  129.2   37.8   91.8   64.3   62.0   59.2  100.5  106.0   96.1   94.6   81.7   58.3   253.2   218.0   265.6   272.4   981.4
2009   82.3   52.6   41.0   39.7   54.3   54.9  128.6   59.5   30.0   67.7  170.8   93.1   193.2   135.0   243.0   268.6   874.6
2010   67.2   73.6   58.8   24.5   29.5   36.4   61.0   97.2   78.5   73.1   91.5   35.1   234.0   112.8   194.6   243.0   726.4
2011   78.6   77.9   19.3   11.6   48.3   69.9   59.4   78.2   54.3   62.8   48.7  103.8   191.6    79.1   207.5   165.8   712.7
2012   63.9   29.9   26.4  136.5   54.0  148.1  113.5   89.5   88.5  107.1  119.5  148.9   197.6   216.9   351.1   315.1  1125.9
2013   79.1   42.0   65.6   31.4   71.3   35.6   55.1   58.8   52.9  136.7   66.6  117.9   270.0   168.4   149.5   256.2   813.0
2014  160.0  123.4   49.1   53.1   95.7   46.3   51.6  107.4   15.0  102.8  104.4   74.6   401.3   197.9   205.3   222.3   983.4
2015   91.5   52.5   48.4   25.8   79.6   35.3   79.2   92.3   50.9   60.3  117.5  133.6   218.5   153.8   206.8   228.8   867.0
2016  124.2   72.5   78.3   62.4   51.3   95.4   39.8   64.3   62.5   36.4  100.2   35.6   330.4   192.0   199.5   199.0   822.9
2017   62.8   61.8   69.9   17.6   57.2   82.1   90.8   72.4   91.3   53.9   67.5   98.1   160.1   144.7   245.2   212.7   825.2
2018   90.4   48.7  103.1   78.3   45.0   14.6   36.0   66.4   59.4   64.8   89.7   98.9   237.1   226.3   117.0   214.0   795.2
2019   37.7   47.7   88.1   35.3   42.3  107.3   70.5   83.7  113.5  127.9  119.6  105.5   184.3   165.8   261.5   361.1   979.2
2020   74.2  160.9   50.7   28.8    9.6   91.2   66.2  114.7   47.8  144.3   64.2  137.1   340.6    89.0   272.2   256.3   989.6
2021  128.4   75.3   50.4   11.0  114.0   49.7   80.5   48.5   59.9  129.0   39.8   90.1   340.7   175.4   178.6   228.7   876.5
2022   31.7   96.7   41.9   24.7   50.7   45.0   23.1   34.8                               218.4   117.3   102.9
